Means: 3.084490281634272, 19.90764848004039, 0.12733042443474812, 0.3030543435144784, 0.9674732249107497, 1.686632288774296, 0.7512891709639032, 0.6671955573185244, 0.7647758825862753, 0.7512891709639032, -798070566.0801269, 568.6326854422848, 2643.224524475188
Variances: 1.8076174414961923, 306.6959568232835, 0.1975910090267536, 0.41589309066042773, 1.132619121159334, 1.8914873098499383, 0.18685375255627423, 0.222045645612948, 0.17989373200065897, 0.1868537525562742, 1264713732843037.5, 18065.77225970629, 186730.72372740557
Features used: nBlobs, totalArea, fullBlobs, bigBlobs, medBlobs, smallBlobs, q0HasBlob, q1HasBlob, q2HasBlob, q3HasBlob, noise, distance, distanceBetweenPoints